-1.688940793081723957e+00
-1.684923554962573178e+00
-1.680906316843422621e+00
-1.676889078724271842e+00
-1.672871840605121063e+00
-1.668854602485970062e+00
-1.664837364366819727e+00
-1.660820126247668727e+00
-1.656802888128517948e+00
-1.652785650009367169e+00
-1.648768411890216612e+00
-1.644751173771065833e+00
-1.640733935651914832e+00
-1.636716697532764053e+00
-1.632699459413613496e+00
-1.628682221294462718e+00
-1.624664983175311939e+00
-1.620647745056161160e+00
-1.616630506937010381e+00
-1.612613268817859602e+00
-1.608596030698708823e+00
-1.604578792579558266e+00
-1.600561554460407265e+00
-1.596544316341256486e+00
-1.592527078222105708e+00
-1.588509840102955151e+00
-1.584492601983804372e+00
-1.580475363864653371e+00
-1.576458125745503036e+00
-1.572440887626352035e+00
-1.568423649507201256e+00
-1.564406411388050477e+00
-1.560389173268899921e+00
-1.556371935149749142e+00
-1.552354697030598141e+00
-1.548337458911447362e+00
-1.544320220792296805e+00
-1.540302982673146026e+00
-1.536285744553995247e+00
-1.532268506434844468e+00
-1.528251268315693689e+00
-1.524234030196542911e+00
-1.520216792077392132e+00
-1.516199553958241575e+00
-1.512182315839090574e+00
-1.508165077719939795e+00
-1.504147839600789016e+00
-1.500130601481638459e+00
-1.496113363362487680e+00
-1.492096125243336679e+00
-1.488078887124186345e+00
-1.484061649005035344e+00
-1.480044410885884565e+00
-1.476027172766733786e+00
-1.472009934647582785e+00
-1.467992696528432450e+00
-1.463975458409281449e+00
-1.459958220290130670e+00
-1.455940982170980114e+00
-1.451923744051829335e+00
-1.447906505932678556e+00
-1.443889267813527777e+00
-1.439872029694376998e+00
-1.435854791575226219e+00
-1.431837553456075440e+00
-1.427820315336924661e+00
-1.423803077217773883e+00
-1.419785839098623104e+00
-1.415768600979472325e+00
-1.411751362860321768e+00
-1.407734124741170989e+00
-1.403716886622019988e+00
-1.399699648502869209e+00
-1.395682410383718652e+00
-1.391665172264567873e+00
-1.387647934145417095e+00
-1.383630696026266094e+00
-1.379613457907115759e+00
-1.375596219787964758e+00
-1.371578981668813979e+00
-1.367561743549663422e+00
-1.363544505430512643e+00
-1.359527267311361864e+00
-1.355510029192210864e+00
-1.351492791073060307e+00
-1.347475552953909528e+00
-1.343458314834758749e+00
-1.339441076715607970e+00
-1.335423838596457191e+00
-1.331406600477306412e+00
-1.327389362358155633e+00
-1.323372124239005077e+00
-1.319354886119854298e+00
-1.315337648000703297e+00
-1.311320409881552518e+00
-1.307303171762401739e+00
-1.303285933643251182e+00
-1.299268695524100403e+00
-1.295251457404949402e+00
-1.291234219285799067e+00
-1.287216981166648067e+00
-1.283199743047497288e+00
-1.279182504928346731e+00
-1.275165266809195952e+00
-1.271148028690045173e+00
-1.267130790570894172e+00
-1.263113552451743393e+00
-1.259096314332592836e+00
-1.255079076213442058e+00
-1.251061838094291279e+00
-1.247044599975140500e+00
-1.243027361855989721e+00
-1.239010123736838942e+00
-1.234992885617688163e+00
-1.230975647498537606e+00
-1.226958409379386605e+00
-1.222941171260235826e+00
-1.218923933141085270e+00
-1.214906695021934491e+00
-1.210889456902783712e+00
-1.206872218783632711e+00
-1.202854980664482154e+00
-1.198837742545331375e+00
-1.194820504426180596e+00
-1.190803266307029817e+00
-1.186786028187879261e+00
-1.182768790068728482e+00
-1.178751551949577481e+00
-1.174734313830426924e+00
-1.170717075711276145e+00
-1.166699837592125366e+00
-1.162682599472974587e+00
-1.158665361353823808e+00
-1.154648123234673029e+00
-1.150630885115522251e+00
-1.146613646996371472e+00
-1.142596408877220915e+00
-1.138579170758069914e+00
-1.134561932638919135e+00
-1.130544694519768578e+00
-1.126527456400617799e+00
-1.122510218281467020e+00
-1.118492980162316019e+00
-1.114475742043165463e+00
-1.110458503924014684e+00
-1.106441265804863905e+00
-1.102424027685713126e+00
-1.098406789566562347e+00
-1.094389551447411790e+00
-1.090372313328260789e+00
-1.086355075209110232e+00
-1.082337837089959454e+00
-1.078320598970808675e+00
-1.074303360851657896e+00
-1.070286122732507117e+00
-1.066268884613356338e+00
-1.062251646494205559e+00
-1.058234408375054780e+00
-1.054217170255904001e+00
-1.050199932136753223e+00
-1.046182694017602444e+00
-1.042165455898451887e+00
-1.038148217779300886e+00
-1.034130979660150329e+00
-1.030113741540999328e+00
-1.026096503421848771e+00
-1.022079265302697992e+00
-1.018062027183547213e+00
-1.014044789064396435e+00
-1.010027550945245656e+00
-1.006010312826095099e+00
-1.001993074706944098e+00
-9.979758365877934301e-01
-9.939585984686426512e-01
-9.899413603494919833e-01
-9.859241222303410934e-01
-9.819068841111904256e-01
-9.778896459920395356e-01
-9.738724078728888678e-01
-9.698551697537380889e-01
-9.658379316345873100e-01
-9.618206935154366422e-01
-9.578034553962857522e-01
-9.537862172771350844e-01
-9.497689791579843055e-01
-9.457517410388336376e-01
-9.417345029196827477e-01
-9.377172648005320799e-01
-9.337000266813811900e-01
-9.296827885622305221e-01
-9.256655504430797432e-01
-9.216483123239289643e-01
-9.176310742047782965e-01
-9.136138360856274065e-01
-9.095965979664767387e-01
-9.055793598473259598e-01
-9.015621217281752919e-01
-8.975448836090244020e-01
-8.935276454898737342e-01
-8.895104073707228443e-01
-8.854931692515721764e-01
-8.814759311324213975e-01
-8.774586930132706186e-01
-8.734414548941198397e-01
-8.694242167749690609e-01
-8.654069786558183930e-01
-8.613897405366676141e-01
-8.573725024175169462e-01
-8.533552642983660563e-01
-8.493380261792153885e-01
-8.453207880600644986e-01
-8.413035499409138307e-01
-8.372863118217630518e-01
-8.332690737026122729e-01
-8.292518355834614940e-01
-8.252345974643107152e-01
-8.212173593451599363e-01
-8.172001212260092684e-01
-8.131828831068586005e-01
-8.091656449877077106e-01
-8.051484068685570428e-01
-8.011311687494061529e-01
-7.971139306302554850e-01
-7.930966925111047061e-01
-7.890794543919539272e-01
-7.850622162728031483e-01
-7.810449781536523695e-01
-7.770277400345015906e-01
-7.730105019153509227e-01
-7.689932637962000328e-01
-7.649760256770493649e-01
-7.609587875578986971e-01
-7.569415494387478072e-01
-7.529243113195971393e-01
-7.489070732004463604e-01
-7.448898350812955815e-01
-7.408725969621448026e-01
-7.368553588429940238e-01
-7.328381207238432449e-01
-7.288208826046925770e-01
-7.248036444855416871e-01
-7.207864063663910192e-01
-7.167691682472401293e-01
-7.127519301280894615e-01
-7.087346920089387936e-01
-7.047174538897880147e-01
-7.007002157706372358e-01
-6.966829776514864569e-01
-6.926657395323356781e-01
-6.886485014131848992e-01
-6.846312632940342313e-01
-6.806140251748833414e-01
-6.765967870557326735e-01
-6.725795489365817836e-01
-6.685623108174311158e-01
-6.645450726982803369e-01
-6.605278345791296690e-01
-6.565105964599788901e-01
-6.524933583408281113e-01
-6.484761202216773324e-01
-6.444588821025265535e-01
-6.404416439833758856e-01
-6.364244058642249957e-01
-6.324071677450743278e-01
-6.283899296259234379e-01
-6.243726915067727701e-01
-6.203554533876219912e-01
-6.163382152684713233e-01
-6.123209771493204334e-01
-6.083037390301697656e-01
-6.042865009110189867e-01
-6.002692627918682078e-01
-5.962520246727175399e-01
-5.922347865535666500e-01
-5.882175484344159822e-01
-5.842003103152650922e-01
-5.801830721961144244e-01
-5.761658340769636455e-01
-5.721485959578129776e-01
-5.681313578386620877e-01
-5.641141197195114199e-01
-5.600968816003605300e-01
-5.560796434812098621e-01
-5.520624053620591942e-01
-5.480451672429083043e-01
-5.440279291237576365e-01
-5.400106910046067465e-01
-5.359934528854560787e-01
-5.319762147663052998e-01
-5.279589766471546319e-01
-5.239417385280037420e-01
-5.199245004088530742e-01
-5.159072622897021843e-01
-5.118900241705515164e-01
-5.078727860514007375e-01
-5.038555479322499586e-01
-4.998383098130992908e-01
-4.958210716939484564e-01
-4.918038335747977330e-01
-4.877865954556469541e-01
-4.837693573364962307e-01
-4.797521192173453963e-01
-4.757348810981947285e-01
-4.717176429790438386e-01
-4.677004048598931707e-01
-4.636831667407423363e-01
-4.596659286215916129e-01
-4.556486905024408340e-01
-4.516314523832901107e-01
-4.476142142641393873e-01
-4.435969761449886084e-01
-4.395797380258378850e-01
-4.355624999066870506e-01
-4.315452617875362162e-01
-4.275280236683856594e-01
-4.235107855492348250e-01
-4.194935474300839906e-01
-4.154763093109331562e-01
-4.114590711917825994e-01
-4.074418330726317650e-01
-4.034245949534809306e-01
-3.994073568343303737e-01
-3.953901187151795393e-01
-3.913728805960287049e-01
-3.873556424768778705e-01
-3.833384043577273137e-01
-3.793211662385764793e-01
-3.753039281194256449e-01
-3.712866900002748105e-01
-3.672694518811242537e-01
-3.632522137619734193e-01
-3.592349756428225849e-01
-3.552177375236717505e-01
-3.512004994045211936e-01
-3.471832612853703592e-01
-3.431660231662195248e-01
-3.391487850470689680e-01
-3.351315469279181336e-01
-3.311143088087672992e-01
-3.270970706896164648e-01
-3.230798325704659080e-01
-3.190625944513150736e-01
-3.150453563321642392e-01
-3.110281182130134048e-01
-3.070108800938628479e-01
-3.029936419747120135e-01
-2.989764038555611791e-01
-2.949591657364106223e-01
-2.909419276172597879e-01
-2.869246894981089535e-01
-2.829074513789581191e-01
-2.788902132598075623e-01
-2.748729751406567279e-01
-2.708557370215058935e-01
-2.668384989023550591e-01
-2.628212607832045022e-01
-2.588040226640536678e-01
-2.547867845449028334e-01
-2.507695464257519991e-01
-2.467523083066014422e-01
-2.427350701874506078e-01
-2.387178320682997734e-01
-2.347005939491492166e-01
-2.306833558299983822e-01
-2.266661177108475478e-01
-2.226488795916967134e-01
-2.186316414725461565e-01
-2.146144033533953221e-01
-2.105971652342444878e-01
-2.065799271150936534e-01
-2.025626889959430965e-01
-1.985454508767922621e-01
-1.945282127576414277e-01
-1.905109746384908709e-01
-1.864937365193400365e-01
-1.824764984001892021e-01
-1.784592602810383677e-01
-1.744420221618878108e-01
-1.704247840427369765e-01
-1.664075459235861421e-01
-1.623903078044353077e-01
-1.583730696852847508e-01
-1.543558315661339164e-01
-1.503385934469830820e-01
-1.463213553278325252e-01
-1.423041172086816908e-01
-1.382868790895308564e-01
-1.342696409703800220e-01
-1.302524028512294652e-01
-1.262351647320786308e-01
-1.222179266129277964e-01
-1.182006884937769620e-01
-1.141834503746264051e-01
-1.101662122554755707e-01
-1.061489741363247363e-01
-1.021317360171739019e-01
-9.811449789802334509e-02
-9.409725977887251069e-02
-9.008002165972167630e-02
-8.606278354057111946e-02
-8.204554542142028506e-02
-7.802830730226945066e-02
-7.401106918311861627e-02
-6.999383106396805942e-02
-6.597659294481722503e-02
-6.195935482566639063e-02
-5.794211670651555623e-02
-5.392487858736499939e-02
-4.990764046821416500e-02
-4.589040234906333060e-02
-4.187316422991277376e-02
-3.785592611076193936e-02
-3.383868799161110497e-02
-2.982144987246027057e-02
-2.580421175330971373e-02
-2.178697363415887933e-02
-1.776973551500804493e-02
-1.375249739585721054e-02
-9.735259276706653697e-03
-5.718021157555819300e-03
-1.700783038404984904e-03
2.316455080745849493e-03
6.333693199896406334e-03
1.035093131904724073e-02
1.436816943819807513e-02
1.838540755734863197e-02
2.240264567649946637e-02
2.641988379565030076e-02
3.043712191480113516e-02
3.445436003395169200e-02
3.847159815310252640e-02
4.248883627225336079e-02
4.650607439140419519e-02
5.052331251055475203e-02
5.454055062970558643e-02
5.855778874885642082e-02
6.257502686800697767e-02
6.659226498715781206e-02
7.060950310630864646e-02
7.462674122545948086e-02
7.864397934461003770e-02
8.266121746376087209e-02
8.667845558291170649e-02
9.069569370206254089e-02
9.471293182121309773e-02
9.873016994036393212e-02
1.027474080595147665e-01
1.067646461786656009e-01
1.107818842978161578e-01
1.147991224169669922e-01
1.188163605361178266e-01
1.228335986552683834e-01
1.268508367744192178e-01
1.308680748935700522e-01
1.348853130127208866e-01
1.389025511318714434e-01
1.429197892510222778e-01
1.469370273701731122e-01
1.509542654893239466e-01
1.549715036084745035e-01
1.589887417276253379e-01
1.630059798467761722e-01
1.670232179659267291e-01
1.710404560850775635e-01
1.750576942042283979e-01
1.790749323233792323e-01
1.830921704425297891e-01
1.871094085616806235e-01
1.911266466808314579e-01
1.951438847999822923e-01
1.991611229191328492e-01
2.031783610382836835e-01
2.071955991574345179e-01
2.112128372765853523e-01
2.152300753957359092e-01
2.192473135148867436e-01
2.232645516340375780e-01
2.272817897531881348e-01
2.312990278723389692e-01
2.353162659914898036e-01
2.393335041106406380e-01
2.433507422297911948e-01
2.473679803489420292e-01
2.513852184680928636e-01
2.554024565872436980e-01
2.594196947063942549e-01
2.634369328255450893e-01
2.674541709446959237e-01
2.714714090638464805e-01
2.754886471829973149e-01
2.795058853021481493e-01
2.835231234212989837e-01
2.875403615404495405e-01
2.915575996596003749e-01
2.955748377787512093e-01
2.995920758979020437e-01
3.036093140170526006e-01
3.076265521362034350e-01
3.116437902553542694e-01
3.156610283745051038e-01
3.196782664936556606e-01
3.236955046128064950e-01
3.277127427319573294e-01
3.317299808511078862e-01
3.357472189702587206e-01
3.397644570894095550e-01
3.437816952085603894e-01
3.477989333277109463e-01
3.518161714468617807e-01
3.558334095660126151e-01
3.598506476851634495e-01
3.638678858043140063e-01
3.678851239234648407e-01
3.719023620426156751e-01
3.759196001617662319e-01
3.799368382809170663e-01
3.839540764000679007e-01
3.879713145192187351e-01
3.919885526383692920e-01
3.960057907575201264e-01
4.000230288766709608e-01
4.040402669958217952e-01
4.080575051149723520e-01
4.120747432341231864e-01
4.160919813532740208e-01
4.201092194724245776e-01
4.241264575915754120e-01
4.281436957107262464e-01
4.321609338298770808e-01
4.361781719490276377e-01
4.401954100681784721e-01
4.442126481873293065e-01
4.482298863064801409e-01
4.522471244256306977e-01
4.562643625447815321e-01
4.602816006639323665e-01
4.642988387830832009e-01
4.683160769022337577e-01
4.723333150213845921e-01
4.763505531405354265e-01
4.803677912596859834e-01
4.843850293788368178e-01
4.884022674979876522e-01
4.924195056171384866e-01
4.964367437362890434e-01
5.004539818554398778e-01
5.044712199745906567e-01
5.084884580937415466e-01
5.125056962128921034e-01
5.165229343320429933e-01
5.205401724511937722e-01
5.245574105703443291e-01
5.285746486894951079e-01
5.325918868086459979e-01
5.366091249277968878e-01
5.406263630469474446e-01
5.446436011660982235e-01
5.486608392852490024e-01
5.526780774043998923e-01
5.566953155235504491e-01
5.607125536427013390e-01
5.647297917618521179e-01
5.687470298810028968e-01
5.727642680001534536e-01
5.767815061193043435e-01
5.807987442384552335e-01
5.848159823576057903e-01
5.888332204767565692e-01
5.928504585959073481e-01
5.968676967150582380e-01
6.008849348342087948e-01
6.049021729533596847e-01
6.089194110725104636e-01
6.129366491916612425e-01
6.169538873108117993e-01
6.209711254299626892e-01
6.249883635491135792e-01
6.290056016682641360e-01
6.330228397874149149e-01
6.370400779065656938e-01
6.410573160257165837e-01
6.450745541448671405e-01
6.490917922640180304e-01
6.531090303831688093e-01
6.571262685023195882e-01
6.611435066214701450e-01
6.651607447406210349e-01
6.691779828597719249e-01
6.731952209789227037e-01
6.772124590980732606e-01
6.812296972172240395e-01
6.852469353363749294e-01
6.892641734555254862e-01
6.932814115746763761e-01
6.972986496938271550e-01
7.013158878129779339e-01
7.053331259321284907e-01
7.093503640512793806e-01
7.133676021704302705e-01
7.173848402895810494e-01
7.214020784087316063e-01
7.254193165278823852e-01
7.294365546470332751e-01
7.334537927661838319e-01
7.374710308853347218e-01
7.414882690044855007e-01
7.455055071236362796e-01
7.495227452427868364e-01
7.535399833619377263e-01
7.575572214810886162e-01
7.615744596002393951e-01
7.655916977193899520e-01
7.696089358385407309e-01
7.736261739576916208e-01
7.776434120768425107e-01
7.816606501959930675e-01
7.856778883151438464e-01
7.896951264342946253e-01
7.937123645534451821e-01
7.977296026725960720e-01
8.017468407917469619e-01
8.057640789108977408e-01
8.097813170300482977e-01
8.137985551491994096e-01
8.178157932683499665e-01
8.218330313875005233e-01
8.258502695066516353e-01
8.298675076258021921e-01
8.338847457449527489e-01
8.379019838641038609e-01
8.419192219832544177e-01
8.459364601024049746e-01
8.499536982215560865e-01
8.539709363407066434e-01
8.579881744598577553e-01
8.620054125790083122e-01
8.660226506981588690e-01
8.700398888173099810e-01
8.740571269364605378e-01
8.780743650556110946e-01
8.820916031747622066e-01
8.861088412939127634e-01
8.901260794130633203e-01
8.941433175322144322e-01
8.981605556513649891e-01
9.021777937705161010e-01
9.061950318896666579e-01
9.102122700088172147e-01
9.142295081279683266e-01
9.182467462471188835e-01
9.222639843662694403e-01
9.262812224854205523e-01
9.302984606045711091e-01
9.343156987237216660e-01
9.383329368428727779e-01
9.423501749620233348e-01
9.463674130811744467e-01
9.503846512003250036e-01
9.544018893194755604e-01
9.584191274386266723e-01
9.624363655577772292e-01
9.664536036769277860e-01
9.704708417960788980e-01
9.744880799152294548e-01
9.785053180343805668e-01
9.825225561535311236e-01
9.865397942726816805e-01
9.905570323918327924e-01
9.945742705109833492e-01
9.985915086301339061e-01
1.002608746749285018e+00
1.006625984868435575e+00
1.010643222987586132e+00
1.014660461106737355e+00
1.018677699225887689e+00
1.022694937345038912e+00
1.026712175464189469e+00
1.030729413583340026e+00
1.034746651702491249e+00
1.038763889821641584e+00
1.042781127940792363e+00
1.046798366059943364e+00
1.050815604179093921e+00
1.054832842298244477e+00
1.058850080417395478e+00
1.062867318536546257e+00
1.066884556655697258e+00
1.070901794774847815e+00
1.074919032893998372e+00
1.078936271013149373e+00
1.082953509132300152e+00
1.086970747251450486e+00
1.090987985370601709e+00
1.095005223489752266e+00
1.099022461608902823e+00
1.103039699728054046e+00
1.107056937847204381e+00
1.111074175966355604e+00
1.115091414085506161e+00
1.119108652204656718e+00
1.123125890323807941e+00
1.127143128442958275e+00
1.131160366562109054e+00
1.135177604681260055e+00
1.139194842800410612e+00
1.143212080919561169e+00
1.147229319038712170e+00
1.151246557157862949e+00
1.155263795277013950e+00
1.159281033396164506e+00
1.163298271515315063e+00
1.167315509634466064e+00
1.171332747753616843e+00
1.175349985872767178e+00
1.179367223991918401e+00
1.183384462111068958e+00
1.187401700230219959e+00
1.191418938349370737e+00
1.195436176468521072e+00
1.199453414587672295e+00
1.203470652706822852e+00
1.207487890825973409e+00
1.211505128945124632e+00
1.215522367064274967e+00
1.219539605183425746e+00
1.223556843302576747e+00
1.227574081421727303e+00
1.231591319540878526e+00
1.235608557660028861e+00
1.239625795779179640e+00
1.243643033898330641e+00
1.247660272017481198e+00
1.251677510136631755e+00
1.255694748255782756e+00
1.259711986374933534e+00
1.263729224494083869e+00
1.267746462613235092e+00
1.271763700732385649e+00
1.275780938851536650e+00
1.279798176970687429e+00
1.283815415089837764e+00
1.287832653208988987e+00
1.291849891328139543e+00
1.295867129447290100e+00
1.299884367566441323e+00
1.303901605685591658e+00
1.307918843804742437e+00
1.311936081923893438e+00
1.315953320043043995e+00
1.319970558162195218e+00
1.323987796281345553e+00
1.328005034400496331e+00
1.332022272519647332e+00
1.336039510638797889e+00
1.340056748757948446e+00
1.344073986877099447e+00
1.348091224996250226e+00
1.352108463115400561e+00
1.356125701234551784e+00
1.360142939353702340e+00
1.364160177472853341e+00
1.368177415592004120e+00
1.372194653711154455e+00
1.376211891830305678e+00
1.380229129949456235e+00
1.384246368068606792e+00
1.388263606187758015e+00
1.392280844306908349e+00
1.396298082426059128e+00
1.400315320545210129e+00
1.404332558664360686e+00
1.408349796783511909e+00
1.412367034902662244e+00
1.416384273021813023e+00
1.420401511140964024e+00
1.424418749260114581e+00
1.428435987379265137e+00
1.432453225498416138e+00
1.436470463617566917e+00
1.440487701736717918e+00
1.444504939855868475e+00
1.448522177975019032e+00
1.452539416094170033e+00
1.456556654213320812e+00
1.460573892332471146e+00
1.464591130451622369e+00
1.468608368570772926e+00
1.472625606689923483e+00
1.476642844809074706e+00
1.480660082928225041e+00
1.484677321047376264e+00
1.488694559166526821e+00
1.492711797285677378e+00
1.496729035404828601e+00
1.500746273523978935e+00
1.504763511643129714e+00
1.508780749762280715e+00
1.512797987881431272e+00
1.516815226000581829e+00
1.520832464119732830e+00
1.524849702238883609e+00
1.528866940358034610e+00
1.532884178477185166e+00
1.536901416596335723e+00
1.540918654715486724e+00
1.544935892834637503e+00
1.548953130953787838e+00
1.552970369072939061e+00
1.556987607192089618e+00
1.561004845311240175e+00
1.565022083430391397e+00
1.569039321549541732e+00
1.573056559668692955e+00
1.577073797787843512e+00
1.581091035906994069e+00
1.585108274026145292e+00
1.589125512145295627e+00
1.593142750264446406e+00
1.597159988383597407e+00
1.601177226502747963e+00
1.605194464621898520e+00
1.609211702741049521e+00
1.613228940860200300e+00
1.617246178979351301e+00
1.621263417098501858e+00
1.625280655217652415e+00
1.629297893336803416e+00
1.633315131455954194e+00
1.637332369575104529e+00
1.641349607694255752e+00
1.645366845813406309e+00
1.649384083932557310e+00
1.653401322051708089e+00
1.657418560170858424e+00
1.661435798290009647e+00
1.665453036409160203e+00
1.669470274528310760e+00
1.673487512647461983e+00
1.677504750766612318e+00
1.681521988885763097e+00
1.685539227004914098e+00
1.689556465124064655e+00
1.693573703243215878e+00
1.697590941362366213e+00
1.701608179481516991e+00
1.705625417600667992e+00
1.709642655719818549e+00
1.713659893838969106e+00
1.717677131958120107e+00
1.721694370077270886e+00
1.725711608196421221e+00
1.729728846315572444e+00
1.733746084434723000e+00
1.737763322553874001e+00
1.741780560673024780e+00
1.745797798792175115e+00
1.749815036911326338e+00
1.753832275030476895e+00
1.757849513149627452e+00
1.761866751268778675e+00
1.765883989387929009e+00
1.769901227507079788e+00
1.773918465626230789e+00
1.777935703745381346e+00
1.781952941864532569e+00
1.785970179983682904e+00
1.789987418102833683e+00
1.794004656221984684e+00
1.798021894341135241e+00
1.802039132460285797e+00
1.806056370579436798e+00
1.810073608698587577e+00
1.814090846817737912e+00
1.818108084936889135e+00
1.822125323056039692e+00
1.826142561175190693e+00
1.830159799294341472e+00
1.834177037413491806e+00
1.838194275532643029e+00
1.842211513651793586e+00
1.846228751770944143e+00
1.850245989890095366e+00
1.854263228009245701e+00
1.858280466128396924e+00
1.862297704247547481e+00
1.866314942366698038e+00
1.870332180485849261e+00
1.874349418604999595e+00
1.878366656724150374e+00
1.882383894843301375e+00
1.886401132962451932e+00
1.890418371081602489e+00
1.894435609200753490e+00
1.898452847319904269e+00
1.902470085439055270e+00
1.906487323558205826e+00
1.910504561677356383e+00
1.914521799796507384e+00
1.918539037915658163e+00
1.922556276034808498e+00
1.926573514153959721e+00
1.930590752273110278e+00
1.934607990392260835e+00
1.938625228511412057e+00
1.942642466630562392e+00
1.946659704749713615e+00
1.950676942868864172e+00
1.954694180988014729e+00
1.958711419107165952e+00
1.962728657226316287e+00
1.966745895345467066e+00
1.970763133464618067e+00
1.974780371583768623e+00
1.978797609702919180e+00
1.982814847822070181e+00
1.986832085941220960e+00
1.990849324060371961e+00
1.994866562179522518e+00
1.998883800298673075e+00
2.002901038417824076e+00
2.006918276536974854e+00
2.010935514656125189e+00
2.014952752775276412e+00
2.018969990894427191e+00
2.022987229013577526e+00
2.027004467132728749e+00
2.031021705251879084e+00
2.035038943371030307e+00
2.039056181490180641e+00
2.043073419609331420e+00
2.047090657728482643e+00
2.051107895847632978e+00
2.055125133966783757e+00
2.059142372085934980e+00
2.063159610205085315e+00
2.067176848324235650e+00
2.071194086443386873e+00
2.075211324562537651e+00
2.079228562681688430e+00
2.083245800800839209e+00
2.087263038919989988e+00
2.091280277039140767e+00
2.095297515158291546e+00
2.099314753277441881e+00
2.103331991396593104e+00
2.107349229515743438e+00
2.111366467634894661e+00
2.115383705754045440e+00
2.119400943873195775e+00
2.123418181992346998e+00
2.127435420111497777e+00
2.131452658230648112e+00
2.135469896349799335e+00
2.139487134468949669e+00
2.143504372588100448e+00
2.147521610707251227e+00
2.151538848826402006e+00
2.155556086945553229e+00
2.159573325064703564e+00
2.163590563183854343e+00
2.167607801303005566e+00
2.171625039422155901e+00
2.175642277541306235e+00
2.179659515660457458e+00
2.183676753779608237e+00
2.187693991898758572e+00
2.191711230017909795e+00
2.195728468137060574e+00
2.199745706256211353e+00
2.203762944375362132e+00
2.207780182494512466e+00
2.211797420613663689e+00
2.215814658732814024e+00
2.219831896851964803e+00
2.223849134971116026e+00
2.227866373090266361e+00
2.231883611209417140e+00
2.235900849328568363e+00
2.239918087447718698e+00
2.243935325566869921e+00
2.247952563686020255e+00
