1.490772315802841794e-02
1.749244296301290941e-02
2.007716276799739741e-02
2.266188257298188541e-02
2.524660237796637688e-02
2.783132218295086835e-02
3.041604198793535288e-02
3.300076179291984435e-02
3.558548159790433235e-02
3.817020140288882729e-02
4.075492120787331529e-02
4.333964101285780329e-02
4.592436081784229129e-02
4.850908062282678623e-02
5.109380042781126730e-02
5.367852023279575530e-02
5.626324003778025024e-02
5.884795984276473824e-02
6.143267964774923318e-02
6.401739945273371424e-02
6.660211925771820918e-02
6.918683906270270412e-02
7.177155886768718518e-02
7.435627867267168012e-02
7.694099847765616118e-02
7.952571828264065612e-02
8.211043808762515106e-02
8.469515789260961824e-02
8.727987769759412706e-02
8.986459750257860812e-02
9.244931730756311694e-02
9.503403711254758413e-02
9.761875691753207906e-02
1.002034767225165740e-01
1.027881965275010551e-01
1.053729163324855500e-01
1.079576361374700449e-01
1.105423559424545260e-01
1.131270757474390209e-01
1.157117955524235159e-01
1.182965153574080108e-01
1.208812351623924919e-01
1.234659549673769730e-01
1.260506747723614818e-01
1.286353945773459628e-01
1.312201143823304439e-01
1.338048341873149527e-01
1.363895539922994060e-01
1.389742737972839148e-01
1.415589936022684237e-01
1.441437134072528770e-01
1.467284332122373858e-01
1.493131530172218668e-01
1.518978728222063479e-01
1.544825926271908567e-01
1.570673124321753378e-01
1.596520322371597911e-01
1.622367520421442999e-01
1.648214718471288087e-01
1.674061916521132898e-01
1.699909114570977708e-01
1.725756312620822797e-01
1.751603510670667885e-01
1.777450708720512695e-01
1.803297906770357506e-01
1.829145104820202594e-01
1.854992302870047682e-01
1.880839500919892493e-01
1.906686698969736748e-01
1.932533897019581559e-01
1.958381095069426647e-01
1.984228293119271735e-01
2.010075491169116546e-01
2.035922689218961357e-01
2.061769887268806445e-01
2.087617085318651533e-01
2.113464283368496344e-01
2.139311481418341154e-01
2.165158679468186242e-01
2.191005877518031331e-01
2.216853075567876141e-01
2.242700273617720397e-01
2.268547471667565207e-01
2.294394669717410296e-01
2.320241867767255384e-01
2.346089065817100194e-01
2.371936263866945005e-01
2.397783461916790093e-01
2.423630659966635181e-01
2.449477858016479992e-01
2.475325056066324803e-01
2.501172254116169613e-01
2.527019452166014979e-01
2.552866650215859234e-01
2.578713848265704045e-01
2.604561046315548856e-01
2.630408244365394221e-01
2.656255442415239032e-01
2.682102640465083843e-01
2.707949838514928653e-01
2.733797036564773464e-01
2.759644234614618830e-01
2.785491432664463640e-01
2.811338630714308451e-01
2.837185828764153817e-01
2.863033026813998627e-01
2.888880224863842883e-01
2.914727422913687693e-01
2.940574620963532504e-01
2.966421819013377315e-01
2.992269017063222680e-01
3.018116215113067491e-01
3.043963413162912302e-01
3.069810611212757667e-01
3.095657809262602478e-01
3.121505007312447288e-01
3.147352205362292099e-01
3.173199403412136910e-01
3.199046601461982275e-01
3.224893799511826531e-01
3.250740997561671342e-01
3.276588195611517262e-01
3.302435393661361518e-01
3.328282591711206329e-01
3.354129789761051139e-01
3.379976987810895950e-01
3.405824185860740760e-01
3.431671383910586126e-01
3.457518581960430937e-01
3.483365780010275747e-01
3.509212978060121113e-01
3.535060176109965924e-01
3.560907374159810734e-01
3.586754572209655545e-01
3.612601770259500356e-01
3.638448968309344611e-01
3.664296166359189977e-01
3.690143364409034787e-01
3.715990562458879598e-01
3.741837760508724964e-01
3.767684958558569774e-01
3.793532156608414585e-01
3.819379354658259396e-01
3.845226552708104206e-01
3.871073750757949572e-01
3.896920948807794383e-01
3.922768146857639193e-01
3.948615344907484559e-01
3.974462542957328814e-01
4.000309741007173625e-01
4.026156939057018436e-01
4.052004137106863246e-01
4.077851335156708057e-01
4.103698533206553423e-01
4.129545731256398233e-01
4.155392929306243044e-01
4.181240127356088410e-01
4.207087325405933220e-01
4.232934523455778031e-01
4.258781721505622841e-01
4.284628919555467652e-01
4.310476117605311908e-01
4.336323315655157273e-01
4.362170513705002084e-01
4.388017711754846895e-01
4.413864909804692260e-01
4.439712107854537071e-01
4.465559305904381882e-01
4.491406503954226692e-01
4.517253702004071503e-01
4.543100900053916869e-01
4.568948098103761679e-01
4.594795296153606490e-01
4.620642494203450745e-01
4.646489692253296111e-01
4.672336890303140922e-01
4.698184088352985732e-01
4.724031286402830543e-01
4.749878484452675353e-01
4.775725682502520719e-01
4.801572880552365530e-01
4.827420078602210340e-01
4.853267276652055706e-01
4.879114474701900517e-01
4.904961672751745327e-01
4.930808870801590138e-01
4.956656068851434394e-01
4.982503266901279204e-01
5.008350464951124570e-01
5.034197663000969936e-01
5.060044861050814191e-01
5.085892059100659557e-01
5.111739257150503812e-01
5.137586455200349178e-01
5.163433653250194544e-01
5.189280851300038799e-01
5.215128049349884165e-01
5.240975247399728421e-01
5.266822445449573786e-01
5.292669643499418042e-01
5.318516841549263408e-01
5.344364039599107663e-01
5.370211237648953029e-01
5.396058435698798394e-01
5.421905633748642650e-01
5.447752831798488016e-01
5.473600029848333381e-01
5.499447227898177637e-01
5.525294425948023003e-01
5.551141623997867258e-01
5.576988822047712624e-01
5.602836020097557990e-01
5.628683218147402245e-01
5.654530416197246501e-01
5.680377614247091866e-01
5.706224812296936122e-01
5.732072010346781488e-01
5.757919208396626853e-01
5.783766406446471109e-01
5.809613604496316475e-01
5.835460802546161840e-01
5.861308000596006096e-01
5.887155198645851462e-01
5.913002396695696827e-01
5.938849594745541083e-01
5.964696792795385338e-01
5.990543990845230704e-01
6.016391188895074960e-01
6.042238386944920325e-01
6.068085584994765691e-01
6.093932783044609947e-01
6.119779981094455312e-01
6.145627179144299568e-01
6.171474377194144934e-01
6.197321575243990299e-01
6.223168773293834555e-01
6.249015971343679920e-01
6.274863169393524176e-01
6.300710367443368431e-01
6.326557565493213797e-01
6.352404763543058053e-01
6.378251961592904529e-01
6.404099159642749894e-01
6.429946357692594150e-01
6.455793555742438405e-01
6.481640753792283771e-01
6.507487951842128027e-01
6.533335149891973392e-01
6.559182347941817648e-01
6.585029545991663014e-01
6.610876744041507269e-01
6.636723942091353745e-01
6.662571140141198001e-01
6.688418338191043366e-01
6.714265536240887622e-01
6.740112734290732988e-01
6.765959932340577243e-01
6.791807130390421499e-01
6.817654328440267975e-01
6.843501526490112230e-01
6.869348724539957596e-01
6.895195922589801851e-01
6.921043120639647217e-01
6.946890318689491473e-01
6.972737516739336838e-01
6.998584714789181094e-01
7.024431912839026459e-01
7.050279110888870715e-01
7.076126308938717191e-01
7.101973506988561446e-01
7.127820705038405702e-01
7.153667903088251068e-01
7.179515101138095323e-01
7.205362299187940689e-01
7.231209497237784944e-01
7.257056695287631420e-01
7.282903893337475676e-01
7.308751091387321042e-01
7.334598289437165297e-01
7.360445487487010663e-01
7.386292685536854918e-01
7.412139883586700284e-01
7.437987081636544540e-01
7.463834279686388795e-01
7.489681477736234161e-01
7.515528675786078416e-01
7.541375873835924892e-01
7.567223071885769148e-01
7.593070269935614514e-01
7.618917467985458769e-01
7.644764666035304135e-01
7.670611864085148390e-01
7.696459062134994866e-01
7.722306260184839122e-01
7.748153458234684487e-01
7.774000656284528743e-01
7.799847854334372999e-01
7.825695052384218364e-01
7.851542250434062620e-01
7.877389448483907985e-01
7.903236646533752241e-01
7.929083844583597607e-01
7.954931042633441862e-01
7.980778240683288338e-01
8.006625438733132594e-01
8.032472636782977959e-01
8.058319834832822215e-01
8.084167032882667581e-01
8.110014230932511836e-01
8.135861428982356092e-01
8.161708627032202568e-01
8.187555825082046823e-01
8.213403023131892189e-01
8.239250221181736444e-01
8.265097419231581810e-01
8.290944617281426066e-01
8.316791815331271431e-01
8.342639013381115687e-01
8.368486211430961053e-01
8.394333409480805308e-01
8.420180607530651784e-01
8.446027805580496040e-01
8.471875003630340295e-01
8.497722201680185661e-01
8.523569399730029916e-01
8.549416597779875282e-01
8.575263795829719538e-01
8.601110993879566013e-01
8.626958191929410269e-01
8.652805389979255635e-01
8.678652588029099890e-01
8.704499786078945256e-01
8.730346984128789511e-01
8.756194182178633767e-01
8.782041380228479133e-01
8.807888578278323388e-01
8.833735776328168754e-01
8.859582974378013009e-01
8.885430172427859485e-01
8.911277370477703741e-01
8.937124568527549107e-01
8.962971766577393362e-01
8.988818964627238728e-01
9.014666162677082983e-01
9.040513360726929459e-01
9.066360558776773715e-01
9.092207756826617970e-01
9.118054954876463336e-01
9.143902152926307592e-01
9.169749350976152957e-01
9.195596549025997213e-01
9.221443747075842579e-01
9.247290945125686834e-01
9.273138143175532200e-01
9.298985341225376455e-01
9.324832539275222931e-01
9.350679737325067187e-01
9.376526935374912552e-01
9.402374133424756808e-01
9.428221331474601064e-01
9.454068529524446429e-01
9.479915727574290685e-01
9.505762925624137161e-01
9.531610123673981416e-01
9.557457321723826782e-01
9.583304519773671037e-01
9.609151717823516403e-01
9.634998915873360659e-01
9.660846113923206024e-01
9.686693311973050280e-01
9.712540510022895646e-01
9.738387708072739901e-01
9.764234906122584157e-01
9.790082104172430633e-01
9.815929302222274888e-01
9.841776500272120254e-01
9.867623698321964509e-01
9.893470896371809875e-01
9.919318094421654131e-01
9.945165292471500607e-01
9.971012490521344862e-01
9.996859688571190228e-01
1.002270688662103337e+00
1.004855408467087985e+00
1.007440128272072410e+00
1.010024848077056836e+00
1.012609567882041484e+00
1.015194287687025909e+00
1.017779007492010335e+00
1.020363727296994760e+00
1.022948447101979408e+00
1.025533166906963833e+00
1.028117886711948259e+00
1.030702606516932907e+00
1.033287326321917332e+00
1.035872046126901758e+00
1.038456765931886405e+00
1.041041485736870831e+00
1.043626205541855256e+00
1.046210925346839682e+00
1.048795645151824107e+00
1.051380364956808755e+00
1.053965084761793181e+00
1.056549804566777828e+00
1.059134524371762254e+00
1.061719244176746679e+00
1.064303963981731105e+00
1.066888683786715752e+00
1.069473403591700178e+00
1.072058123396684604e+00
1.074642843201669251e+00
1.077227563006653455e+00
1.079812282811638102e+00
1.082397002616622528e+00
1.084981722421607175e+00
1.087566442226591601e+00
1.090151162031576026e+00
1.092735881836560452e+00
1.095320601641545100e+00
1.097905321446529525e+00
1.100490041251514173e+00
1.103074761056498598e+00
1.105659480861483024e+00
1.108244200666467449e+00
1.110828920471451875e+00
1.113413640276436523e+00
1.115998360081420948e+00
1.118583079886405596e+00
1.121167799691389799e+00
1.123752519496374447e+00
1.126337239301358872e+00
1.128921959106343520e+00
1.131506678911327946e+00
1.134091398716312371e+00
1.136676118521296797e+00
1.139260838326281444e+00
1.141845558131265870e+00
1.144430277936250295e+00
1.147014997741234943e+00
1.149599717546219368e+00
1.152184437351203794e+00
1.154769157156188220e+00
1.157353876961172867e+00
1.159938596766157293e+00
1.162523316571141940e+00
1.165108036376126144e+00
1.167692756181110791e+00
1.170277475986095217e+00
1.172862195791079643e+00
1.175446915596064290e+00
1.178031635401048716e+00
1.180616355206033141e+00
1.183201075011017567e+00
1.185785794816002214e+00
1.188370514620986640e+00
1.190955234425971287e+00
1.193539954230955713e+00
1.196124674035940139e+00
1.198709393840924564e+00
1.201294113645909212e+00
1.203878833450893637e+00
1.206463553255878063e+00
1.209048273060862488e+00
1.211632992865847136e+00
1.214217712670831562e+00
1.216802432475815987e+00
1.219387152280800635e+00
1.221971872085785060e+00
1.224556591890769486e+00
1.227141311695753911e+00
1.229726031500738559e+00
1.232310751305722984e+00
1.234895471110707632e+00
1.237480190915692058e+00
1.240064910720676483e+00
1.242649630525660909e+00
1.245234350330645334e+00
1.247819070135629982e+00
1.250403789940614185e+00
1.252988509745598833e+00
1.255573229550583481e+00
1.258157949355567684e+00
1.260742669160552332e+00
1.263327388965536979e+00
1.265912108770521405e+00
1.268496828575505830e+00
1.271081548380490256e+00
1.273666268185474681e+00
1.276250987990459107e+00
1.278835707795443755e+00
1.281420427600428180e+00
1.284005147405412606e+00
1.286589867210397031e+00
1.289174587015381679e+00
1.291759306820366104e+00
1.294344026625350530e+00
1.296928746430334956e+00
1.299513466235319825e+00
1.302098186040304029e+00
1.304682905845288676e+00
1.307267625650272880e+00
1.309852345455257527e+00
1.312437065260242175e+00
1.315021785065226601e+00
1.317606504870211026e+00
1.320191224675195452e+00
1.322775944480180099e+00
1.325360664285164525e+00
1.327945384090148950e+00
1.330530103895133376e+00
1.333114823700118023e+00
1.335699543505102449e+00
1.338284263310086875e+00
1.340868983115071300e+00
1.343453702920055726e+00
1.346038422725040373e+00
1.348623142530025021e+00
1.351207862335009224e+00
1.353792582139993872e+00
1.356377301944978520e+00
1.358962021749962945e+00
1.361546741554947371e+00
1.364131461359931796e+00
1.366716181164916444e+00
1.369300900969900869e+00
1.371885620774885295e+00
1.374470340579869720e+00
1.377055060384854146e+00
1.379639780189838794e+00
1.382224499994823219e+00
1.384809219799807645e+00
1.387393939604792070e+00
1.389978659409776718e+00
1.392563379214761365e+00
1.395148099019745569e+00
1.397732818824730217e+00
1.400317538629714864e+00
1.402902258434699290e+00
1.405486978239683715e+00
1.408071698044668141e+00
1.410656417849652566e+00
1.413241137654637214e+00
1.415825857459621639e+00
1.418410577264606065e+00
1.420995297069590491e+00
1.423580016874575138e+00
1.426164736679559564e+00
1.428749456484543989e+00
1.431334176289528415e+00
1.433918896094513062e+00
1.436503615899497710e+00
1.439088335704481914e+00
1.441673055509466561e+00
1.444257775314450765e+00
1.446842495119435634e+00
1.449427214924420060e+00
1.452011934729404485e+00
1.454596654534388911e+00
1.457181374339373559e+00
1.459766094144357984e+00
1.462350813949342410e+00
1.464935533754326835e+00
1.467520253559311483e+00
1.470104973364295908e+00
1.472689693169280334e+00
1.475274412974264759e+00
1.477859132779249185e+00
1.480443852584234055e+00
1.483028572389218258e+00
1.485613292194202906e+00
1.488198011999187109e+00
1.490782731804171979e+00
1.493367451609156404e+00
1.495952171414140830e+00
1.498536891219125256e+00
1.501121611024109903e+00
1.503706330829094329e+00
1.506291050634078754e+00
1.508875770439063180e+00
1.511460490244047605e+00
1.514045210049032253e+00
1.516629929854016678e+00
1.519214649659001104e+00
1.521799369463985530e+00
1.524384089268970399e+00
1.526968809073954603e+00
1.529553528878939250e+00
1.532138248683923454e+00
1.534722968488908323e+00
1.537307688293892749e+00
1.539892408098877175e+00
1.542477127903861600e+00
1.545061847708846026e+00
1.547646567513830673e+00
1.550231287318815099e+00
1.552816007123799524e+00
1.555400726928783950e+00
1.557985446733768597e+00
1.560570166538753023e+00
1.563154886343737449e+00
1.565739606148721874e+00
1.568324325953706744e+00
1.570909045758690947e+00
1.573493765563675595e+00
1.576078485368659798e+00
1.578663205173644446e+00
1.581247924978629094e+00
1.583832644783613519e+00
1.586417364588597945e+00
1.589002084393582370e+00
1.591586804198567018e+00
1.594171524003551443e+00
1.596756243808535869e+00
1.599340963613520294e+00
1.601925683418504942e+00
1.604510403223489368e+00
1.607095123028473793e+00
1.609679842833458219e+00
1.612264562638442644e+00
1.614849282443427292e+00
1.617434002248411939e+00
1.620018722053396143e+00
1.622603441858380791e+00
1.625188161663365438e+00
1.627772881468349864e+00
1.630357601273334289e+00
1.632942321078318715e+00
1.635527040883303362e+00
1.638111760688287788e+00
1.640696480493272214e+00
1.643281200298256639e+00
1.645865920103241065e+00
1.648450639908225712e+00
1.651035359713210138e+00
1.653620079518194563e+00
1.656204799323178989e+00
1.658789519128163636e+00
1.661374238933148284e+00
1.663958958738132488e+00
1.666543678543117135e+00
1.669128398348101783e+00
1.671713118153086208e+00
1.674297837958070634e+00
1.676882557763055059e+00
1.679467277568039485e+00
1.682051997373024133e+00
1.684636717178008558e+00
1.687221436982992984e+00
1.689806156787977409e+00
1.692390876592962057e+00
1.694975596397946482e+00
1.697560316202930908e+00
1.700145036007915333e+00
1.702729755812899759e+00
1.705314475617884629e+00
1.707899195422868832e+00
1.710483915227853480e+00
1.713068635032837683e+00
1.715653354837822553e+00
1.718238074642806978e+00
1.720822794447791404e+00
1.723407514252775830e+00
1.725992234057760477e+00
1.728576953862744903e+00
1.731161673667729328e+00
1.733746393472713754e+00
1.736331113277698179e+00
1.738915833082682827e+00
1.741500552887667252e+00
1.744085272692651678e+00
1.746669992497636104e+00
1.749254712302620973e+00
1.751839432107605177e+00
1.754424151912589824e+00
1.757008871717574028e+00
1.759593591522558897e+00
1.762178311327543323e+00
1.764763031132527749e+00
1.767347750937512174e+00
1.769932470742496600e+00
1.772517190547481247e+00
1.775101910352465673e+00
1.777686630157450098e+00
1.780271349962434524e+00
1.782856069767419172e+00
1.785440789572403597e+00
1.788025509377388023e+00
1.790610229182372448e+00
1.793194948987357318e+00
1.795779668792341521e+00
1.798364388597326169e+00
1.800949108402310372e+00
1.803533828207295020e+00
1.806118548012279668e+00
1.808703267817264093e+00
1.811287987622248519e+00
1.813872707427232944e+00
1.816457427232217592e+00
1.819042147037202017e+00
1.821626866842186443e+00
1.824211586647170869e+00
1.826796306452155516e+00
1.829381026257139942e+00
1.831965746062124367e+00
1.834550465867108793e+00
1.837135185672093218e+00
1.839719905477077866e+00
1.842304625282062513e+00
1.844889345087046717e+00
1.847474064892031365e+00
1.850058784697016012e+00
1.852643504502000438e+00
1.855228224306984863e+00
1.857812944111969289e+00
1.860397663916953936e+00
1.862982383721938362e+00
1.865567103526922788e+00
1.868151823331907213e+00
1.870736543136891639e+00
1.873321262941876286e+00
1.875905982746860712e+00
1.878490702551845137e+00
1.881075422356829563e+00
1.883660142161814210e+00
1.886244861966798858e+00
1.888829581771783062e+00
1.891414301576767709e+00
1.893999021381752357e+00
1.896583741186736782e+00
1.899168460991721208e+00
1.901753180796705633e+00
1.904337900601690059e+00
1.906922620406674707e+00
1.909507340211659132e+00
1.912092060016643558e+00
1.914676779821627983e+00
1.917261499626612631e+00
1.919846219431597056e+00
1.922430939236581482e+00
1.925015659041565907e+00
1.927600378846550555e+00
1.930185098651535203e+00
1.932769818456519406e+00
1.935354538261504054e+00
1.937939258066488257e+00
1.940523977871473127e+00
1.943108697676457552e+00
1.945693417481441978e+00
1.948278137286426404e+00
1.950862857091411051e+00
1.953447576896395477e+00
1.956032296701379902e+00
1.958617016506364328e+00
1.961201736311348975e+00
1.963786456116333401e+00
1.966371175921317827e+00
1.968955895726302252e+00
1.971540615531286678e+00
1.974125335336271547e+00
1.976710055141255751e+00
1.979294774946240398e+00
1.981879494751224602e+00
1.984464214556209471e+00
1.987048934361193897e+00
1.989633654166178323e+00
1.992218373971162748e+00
1.994803093776147396e+00
1.997387813581131821e+00
1.999972533386116247e+00
2.002557253191100450e+00
2.005141972996085098e+00
2.007726692801069746e+00
2.010311412606054393e+00
2.012896132411038597e+00
2.015480852216023244e+00
2.018065572021007892e+00
2.020650291825992095e+00
2.023235011630976743e+00
2.025819731435960946e+00
2.028404451240945594e+00
2.030989171045930242e+00
2.033573890850914445e+00
2.036158610655899093e+00
2.038743330460883296e+00
2.041328050265867944e+00
2.043912770070852591e+00
2.046497489875837239e+00
2.049082209680821443e+00
2.051666929485806090e+00
2.054251649290790738e+00
2.056836369095774941e+00
2.059421088900759589e+00
2.062005808705744236e+00
2.064590528510728440e+00
2.067175248315713088e+00
2.069759968120697291e+00
2.072344687925681939e+00
2.074929407730666586e+00
2.077514127535650790e+00
2.080098847340635437e+00
2.082683567145619641e+00
2.085268286950604733e+00
2.087853006755588936e+00
2.090437726560573140e+00
2.093022446365557787e+00
2.095607166170542435e+00
2.098191885975527082e+00
2.100776605780511286e+00
2.103361325585495933e+00
2.105946045390480137e+00
2.108530765195464785e+00
2.111115485000449432e+00
2.113700204805433636e+00
2.116284924610418283e+00
2.118869644415402931e+00
2.121454364220387134e+00
2.124039084025371782e+00
2.126623803830355985e+00
2.129208523635340633e+00
2.131793243440325281e+00
2.134377963245309928e+00
2.136962683050294132e+00
2.139547402855278335e+00
2.142132122660263427e+00
2.144716842465247630e+00
2.147301562270232278e+00
2.149886282075216482e+00
2.152471001880201129e+00
2.155055721685185777e+00
2.157640441490169980e+00
2.160225161295154628e+00
2.162809881100139275e+00
2.165394600905123479e+00
2.167979320710108126e+00
2.170564040515092330e+00
2.173148760320076978e+00
2.175733480125061625e+00
2.178318199930045829e+00
2.180902919735030476e+00
2.183487639540015124e+00
2.186072359344999771e+00
2.188657079149983975e+00
2.191241798954968623e+00
2.193826518759952826e+00
2.196411238564937474e+00
2.198995958369922121e+00
2.201580678174906325e+00
2.204165397979890972e+00
2.206750117784875176e+00
2.209334837589859823e+00
2.211919557394844471e+00
2.214504277199828675e+00
2.217088997004813322e+00
2.219673716809797970e+00
2.222258436614782617e+00
2.224843156419766821e+00
2.227427876224751024e+00
2.230012596029736116e+00
2.232597315834720320e+00
2.235182035639704967e+00
2.237766755444689171e+00
2.240351475249673818e+00
2.242936195054658466e+00
2.245520914859642669e+00
2.248105634664627317e+00
2.250690354469611520e+00
2.253275074274596168e+00
2.255859794079580816e+00
2.258444513884565019e+00
2.261029233689549667e+00
2.263613953494534314e+00
2.266198673299518518e+00
2.268783393104503165e+00
2.271368112909487813e+00
2.273952832714472017e+00
2.276537552519456664e+00
2.279122272324441312e+00
2.281706992129425515e+00
2.284291711934410163e+00
2.286876431739394810e+00
2.289461151544379014e+00
2.292045871349363662e+00
2.294630591154347865e+00
2.297215310959332513e+00
2.299800030764317160e+00
2.302384750569301364e+00
2.304969470374286011e+00
2.307554190179270215e+00
2.310138909984255307e+00
2.312723629789239510e+00
2.315308349594223714e+00
2.317893069399208361e+00
2.320477789204193009e+00
2.323062509009177656e+00
2.325647228814161860e+00
2.328231948619146507e+00
2.330816668424130711e+00
2.333401388229115359e+00
2.335986108034100006e+00
2.338570827839084210e+00
2.341155547644068857e+00
2.343740267449053505e+00
2.346324987254037708e+00
2.348909707059022356e+00
2.351494426864006559e+00
2.354079146668991207e+00
2.356663866473975855e+00
2.359248586278960502e+00
2.361833306083944706e+00
2.364418025888928909e+00
2.367002745693914001e+00
2.369587465498898204e+00
2.372172185303882852e+00
2.374756905108867056e+00
2.377341624913851703e+00
2.379926344718836351e+00
2.382511064523820554e+00
2.385095784328805202e+00
2.387680504133789849e+00
2.390265223938774053e+00
2.392849943743758701e+00
2.395434663548742904e+00
2.398019383353727552e+00
2.400604103158712199e+00
2.403188822963696403e+00
2.405773542768681050e+00
2.408358262573665698e+00
2.410942982378650346e+00
2.413527702183634549e+00
2.416112421988619197e+00
2.418697141793603400e+00
2.421281861598588048e+00
2.423866581403572695e+00
2.426451301208556899e+00
2.429036021013541546e+00
2.431620740818525750e+00
2.434205460623510398e+00
2.436790180428495045e+00
2.439374900233479249e+00
2.441959620038463896e+00
2.444544339843448544e+00
2.447129059648433191e+00
2.449713779453417395e+00
2.452298499258401598e+00
2.454883219063386690e+00
2.457467938868370894e+00
2.460052658673355541e+00
2.462637378478339745e+00
2.465222098283324392e+00
2.467806818088309040e+00
2.470391537893293243e+00
2.472976257698277891e+00
2.475560977503262095e+00
2.478145697308246742e+00
2.480730417113231390e+00
2.483315136918215593e+00
2.485899856723200241e+00
2.488484576528184888e+00
2.491069296333169092e+00
2.493654016138153739e+00
2.496238735943138387e+00
2.498823455748122591e+00
2.501408175553107682e+00
2.503992895358091886e+00
2.506577615163076533e+00
2.509162334968060737e+00
2.511747054773045384e+00
2.514331774578029588e+00
2.516916494383014680e+00
2.519501214187998883e+00
2.522085933992983531e+00
2.524670653797968178e+00
2.527255373602952382e+00
2.529840093407936585e+00
2.532424813212921233e+00
2.535009533017905881e+00
2.537594252822890084e+00
2.540178972627875176e+00
2.542763692432859379e+00
2.545348412237844027e+00
2.547933132042828230e+00
2.550517851847812878e+00
2.553102571652797081e+00
2.555687291457781729e+00
2.558272011262765933e+00
2.560856731067751024e+00
2.563441450872735672e+00
2.566026170677719875e+00
2.568610890482704079e+00
2.571195610287688726e+00
2.573780330092673374e+00
2.576365049897657578e+00
2.578949769702641781e+00
2.581534489507626429e+00
2.584119209312611520e+00
2.586703929117595724e+00
2.589288648922580371e+00
2.591873368727564575e+00
2.594458088532549223e+00
2.597042808337533426e+00
2.599627528142518074e+00
2.602212247947502277e+00
2.604796967752486925e+00
2.607381687557471572e+00
2.609966407362456220e+00
2.612551127167440868e+00
2.615135846972425071e+00
2.617720566777409275e+00
2.620305286582393922e+00
2.622890006387378570e+00
2.625474726192362773e+00
2.628059445997347865e+00
2.630644165802332068e+00
2.633228885607316716e+00
2.635813605412300920e+00
2.638398325217285567e+00
2.640983045022269771e+00
2.643567764827254418e+00
2.646152484632238622e+00
2.648737204437223269e+00
2.651321924242208361e+00
2.653906644047192565e+00
2.656491363852176768e+00
2.659076083657161416e+00
2.661660803462146063e+00
2.664245523267130267e+00
2.666830243072114470e+00
2.669414962877099118e+00
2.671999682682083765e+00
2.674584402487068413e+00
2.677169122292053061e+00
2.679753842097037264e+00
2.682338561902021912e+00
2.684923281707006115e+00
2.687508001511990763e+00
2.690092721316974966e+00
2.692677441121959614e+00
2.695262160926943817e+00
2.697846880731928909e+00
2.700431600536913557e+00
2.703016320341897760e+00
2.705601040146881964e+00
2.708185759951866611e+00
2.710770479756851259e+00
2.713355199561835462e+00
2.715939919366819666e+00
2.718524639171804758e+00
2.721109358976789405e+00
2.723694078781773609e+00
2.726278798586758256e+00
2.728863518391742460e+00
2.731448238196727107e+00
2.734032958001711311e+00
2.736617677806695959e+00
2.739202397611680162e+00
2.741787117416665254e+00
2.744371837221649457e+00
2.746956557026634105e+00
2.749541276831618752e+00
2.752125996636602956e+00
2.754710716441587159e+00
2.757295436246571807e+00
2.759880156051556455e+00
2.762464875856540658e+00
2.765049595661525750e+00
2.767634315466509953e+00
2.770219035271494601e+00
2.772803755076478804e+00
2.775388474881463452e+00
2.777973194686447655e+00
2.780557914491432303e+00
2.783142634296416507e+00
2.785727354101401598e+00
