-1.356590418499529438e+00
-1.352912106729493580e+00
-1.349233794959457722e+00
-1.345555483189421864e+00
-1.341877171419386006e+00
-1.338198859649350148e+00
-1.334520547879314289e+00
-1.330842236109278431e+00
-1.327163924339242573e+00
-1.323485612569206493e+00
-1.319807300799170857e+00
-1.316128989029134999e+00
-1.312450677259099141e+00
-1.308772365489063283e+00
-1.305094053719027203e+00
-1.301415741948991345e+00
-1.297737430178955709e+00
-1.294059118408919851e+00
-1.290380806638883993e+00
-1.286702494868847912e+00
-1.283024183098812054e+00
-1.279345871328776196e+00
-1.275667559558740116e+00
-1.271989247788704702e+00
-1.268310936018668622e+00
-1.264632624248632764e+00
-1.260954312478596906e+00
-1.257276000708560826e+00
-1.253597688938524968e+00
-1.249919377168489332e+00
-1.246241065398453252e+00
-1.242562753628417616e+00
-1.238884441858381535e+00
-1.235206130088345677e+00
-1.231527818318310041e+00
-1.227849506548273961e+00
-1.224171194778238103e+00
-1.220492883008202245e+00
-1.216814571238166387e+00
-1.213136259468130529e+00
-1.209457947698094671e+00
-1.205779635928058813e+00
-1.202101324158022955e+00
-1.198423012387987097e+00
-1.194744700617951239e+00
-1.191066388847915380e+00
-1.187388077077879522e+00
-1.183709765307843664e+00
-1.180031453537807806e+00
-1.176353141767771726e+00
-1.172674829997736090e+00
-1.168996518227700232e+00
-1.165318206457664152e+00
-1.161639894687628294e+00
-1.157961582917592436e+00
-1.154283271147556578e+00
-1.150604959377520942e+00
-1.146926647607484862e+00
-1.143248335837449003e+00
-1.139570024067413145e+00
-1.135891712297377287e+00
-1.132213400527341429e+00
-1.128535088757305571e+00
-1.124856776987269713e+00
-1.121178465217233855e+00
-1.117500153447197775e+00
-1.113821841677161917e+00
-1.110143529907126281e+00
-1.106465218137090201e+00
-1.102786906367054565e+00
-1.099108594597018485e+00
-1.095430282826982626e+00
-1.091751971056946768e+00
-1.088073659286910910e+00
-1.084395347516875052e+00
-1.080717035746839194e+00
-1.077038723976803336e+00
-1.073360412206767478e+00
-1.069682100436731620e+00
-1.066003788666695762e+00
-1.062325476896659904e+00
-1.058647165126624046e+00
-1.054968853356588188e+00
-1.051290541586552330e+00
-1.047612229816516471e+00
-1.043933918046480391e+00
-1.040255606276444755e+00
-1.036577294506408675e+00
-1.032898982736373039e+00
-1.029220670966337181e+00
-1.025542359196301101e+00
-1.021864047426265243e+00
-1.018185735656229385e+00
-1.014507423886193527e+00
-1.010829112116157891e+00
-1.007150800346121811e+00
-1.003472488576085953e+00
-9.997941768060500944e-01
-9.961158650360141253e-01
-9.924375532659783783e-01
-9.887592414959424092e-01
-9.850809297259066621e-01
-9.814026179558708041e-01
-9.777243061858348350e-01
-9.740459944157988659e-01
-9.703676826457631188e-01
-9.666893708757272607e-01
-9.630110591056915137e-01
-9.593327473356555446e-01
-9.556544355656195755e-01
-9.519761237955837174e-01
-9.482978120255478593e-01
-9.446195002555120013e-01
-9.409411884854762542e-01
-9.372628767154402851e-01
-9.335845649454044270e-01
-9.299062531753685690e-01
-9.262279414053325999e-01
-9.225496296352968528e-01
-9.188713178652608837e-01
-9.151930060952251367e-01
-9.115146943251892786e-01
-9.078363825551533095e-01
-9.041580707851173404e-01
-9.004797590150815934e-01
-8.968014472450457353e-01
-8.931231354750099882e-01
-8.894448237049740191e-01
-8.857665119349380500e-01
-8.820882001649021920e-01
-8.784098883948663339e-01
-8.747315766248304758e-01
-8.710532648547946177e-01
-8.673749530847587597e-01
-8.636966413147229016e-01
-8.600183295446870435e-01
-8.563400177746510744e-01
-8.526617060046153274e-01
-8.489833942345793583e-01
-8.453050824645436112e-01
-8.416267706945077531e-01
-8.379484589244717840e-01
-8.342701471544358149e-01
-8.305918353843999569e-01
-8.269135236143642098e-01
-8.232352118443284628e-01
-8.195569000742924937e-01
-8.158785883042565246e-01
-8.122002765342206665e-01
-8.085219647641848084e-01
-8.048436529941489503e-01
-8.011653412241130923e-01
-7.974870294540772342e-01
-7.938087176840413761e-01
-7.901304059140055180e-01
-7.864520941439695489e-01
-7.827737823739338019e-01
-7.790954706038978328e-01
-7.754171588338620857e-01
-7.717388470638262277e-01
-7.680605352937902586e-01
-7.643822235237542895e-01
-7.607039117537184314e-01
-7.570255999836826843e-01
-7.533472882136467152e-01
-7.496689764436109682e-01
-7.459906646735749991e-01
-7.423123529035391410e-01
-7.386340411335032829e-01
-7.349557293634674249e-01
-7.312774175934315668e-01
-7.275991058233955977e-01
-7.239207940533598507e-01
-7.202424822833239926e-01
-7.165641705132880235e-01
-7.128858587432522764e-01
-7.092075469732163073e-01
-7.055292352031804493e-01
-7.018509234331447022e-01
-6.981726116631087331e-01
-6.944942998930727640e-01
-6.908159881230370170e-01
-6.871376763530011589e-01
-6.834593645829651898e-01
-6.797810528129294427e-01
-6.761027410428934736e-01
-6.724244292728576156e-01
-6.687461175028217575e-01
-6.650678057327858994e-01
-6.613894939627500413e-01
-6.577111821927140722e-01
-6.540328704226783252e-01
-6.503545586526424671e-01
-6.466762468826064980e-01
-6.429979351125707510e-01
-6.393196233425347819e-01
-6.356413115724989238e-01
-6.319629998024631767e-01
-6.282846880324272076e-01
-6.246063762623912385e-01
-6.209280644923553805e-01
-6.172497527223196334e-01
-6.135714409522836643e-01
-6.098931291822478062e-01
-6.062148174122119482e-01
-6.025365056421760901e-01
-5.988581938721402320e-01
-5.951798821021043739e-01
-5.915015703320685159e-01
-5.878232585620325468e-01
-5.841449467919967997e-01
-5.804666350219609416e-01
-5.767883232519249725e-01
-5.731100114818892255e-01
-5.694316997118532564e-01
-5.657533879418173983e-01
-5.620750761717816513e-01
-5.583967644017456822e-01
-5.547184526317097131e-01
-5.510401408616738550e-01
-5.473618290916381079e-01
-5.436835173216021388e-01
-5.400052055515662808e-01
-5.363268937815304227e-01
-5.326485820114945646e-01
-5.289702702414587066e-01
-5.252919584714228485e-01
-5.216136467013869904e-01
-5.179353349313510213e-01
-5.142570231613152743e-01
-5.105787113912794162e-01
-5.069003996212434471e-01
-5.032220878512074780e-01
-4.995437760811717309e-01
-4.958654643111358729e-01
-4.921871525410999038e-01
-4.885088407710641567e-01
-4.848305290010282431e-01
-4.811522172309923295e-01
-4.774739054609565825e-01
-4.737955936909206134e-01
-4.701172819208847553e-01
-4.664389701508489527e-01
-4.627606583808130392e-01
-4.590823466107771256e-01
-4.554040348407413230e-01
-4.517257230707054649e-01
-4.480474113006694958e-01
-4.443690995306337488e-01
-4.406907877605978352e-01
-4.370124759905619216e-01
-4.333341642205260080e-01
-4.296558524504902055e-01
-4.259775406804543474e-01
-4.222992289104183783e-01
-4.186209171403826312e-01
-4.149426053703467177e-01
-4.112642936003108041e-01
-4.075859818302750570e-01
-4.039076700602390879e-01
-4.002293582902032298e-01
-3.965510465201674273e-01
-3.928727347501315137e-01
-3.891944229800956001e-01
-3.855161112100596865e-01
-3.818377994400239395e-01
-3.781594876699879704e-01
-3.744811758999521123e-01
-3.708028641299163097e-01
-3.671245523598803961e-01
-3.634462405898444826e-01
-3.597679288198086800e-01
-3.560896170497728219e-01
-3.524113052797368528e-01
-3.487329935097011058e-01
-3.450546817396651922e-01
-3.413763699696292786e-01
-3.376980581995935315e-01
-3.340197464295575625e-01
-3.303414346595217044e-01
-3.266631228894859018e-01
-3.229848111194499882e-01
-3.193064993494140746e-01
-3.156281875793781611e-01
-3.119498758093424140e-01
-3.082715640393064449e-01
-3.045932522692705868e-01
-3.009149404992347843e-01
-2.972366287291988707e-01
-2.935583169591629571e-01
-2.898800051891271545e-01
-2.862016934190912965e-01
-2.825233816490553274e-01
-2.788450698790195803e-01
-2.751667581089836667e-01
-2.714884463389477531e-01
-2.678101345689118395e-01
-2.641318227988760370e-01
-2.604535110288401789e-01
-2.567751992588042098e-01
-2.530968874887684628e-01
-2.494185757187325492e-01
-2.457402639486966356e-01
-2.420619521786608608e-01
-2.383836404086249472e-01
-2.347053286385890336e-01
-2.310270168685532588e-01
-2.273487050985173452e-01
-2.236703933284814316e-01
-2.199920815584456568e-01
-2.163137697884097432e-01
-2.126354580183738296e-01
-2.089571462483380548e-01
-2.052788344783021413e-01
-2.016005227082662277e-01
-1.979222109382303141e-01
-1.942438991681945393e-01
-1.905655873981586257e-01
-1.868872756281227121e-01
-1.832089638580869373e-01
-1.795306520880510237e-01
-1.758523403180151101e-01
-1.721740285479793353e-01
-1.684957167779434217e-01
-1.648174050079075081e-01
-1.611390932378717333e-01
-1.574607814678358197e-01
-1.537824696977999062e-01
-1.501041579277639926e-01
-1.464258461577282178e-01
-1.427475343876923042e-01
-1.390692226176563906e-01
-1.353909108476206158e-01
-1.317125990775847022e-01
-1.280342873075487886e-01
-1.243559755375130138e-01
-1.206776637674771002e-01
-1.169993519974411866e-01
-1.133210402274054118e-01
-1.096427284573694982e-01
-1.059644166873335847e-01
-1.022861049172976711e-01
-9.860779314726175748e-02
-9.492948137722612145e-02
-9.125116960719020787e-02
-8.757285783715429428e-02
-8.389454606711838069e-02
-8.021623429708246711e-02
-7.653792252704655352e-02
-7.285961075701091749e-02
-6.918129898697500391e-02
-6.550298721693909032e-02
-6.182467544690317673e-02
-5.814636367686726315e-02
-5.446805190683134956e-02
-5.078974013679543598e-02
-4.711142836675979995e-02
-4.343311659672388636e-02
-3.975480482668797277e-02
-3.607649305665205919e-02
-3.239818128661614560e-02
-2.871986951658023202e-02
-2.504155774654459599e-02
-2.136324597650868240e-02
-1.768493420647276881e-02
-1.400662243643685523e-02
-1.032831066640094164e-02
-6.649998896365028056e-03
-2.971687126329392026e-03
7.066246437065215602e-04
4.384936413742435146e-03
8.063248183778348732e-03
1.174155995381426232e-02
1.541987172385017590e-02
1.909818349388608949e-02
2.277649526392172552e-02
2.645480703395763911e-02
3.013311880399355269e-02
3.381143057402946628e-02
3.748974234406537986e-02
4.116805411410129345e-02
4.484636588413692948e-02
4.852467765417284307e-02
5.220298942420875665e-02
5.588130119424467024e-02
5.955961296428058382e-02
6.323792473431649741e-02
6.691623650435241100e-02
7.059454827438804703e-02
7.427286004442396061e-02
7.795117181445987420e-02
8.162948358449578778e-02
8.530779535453170137e-02
8.898610712456761496e-02
9.266441889460325099e-02
9.634273066463916457e-02
1.000210424346750782e-01
1.036993542047109917e-01
1.073776659747469053e-01
1.110559777447828189e-01
1.147342895148187325e-01
1.184126012848543685e-01
1.220909130548902821e-01
1.257692248249261957e-01
1.294475365949621093e-01
1.331258483649980229e-01
1.368041601350339365e-01
1.404824719050695725e-01
1.441607836751054861e-01
1.478390954451413997e-01
1.515174072151773133e-01
1.551957189852132268e-01
1.588740307552491404e-01
1.625523425252847765e-01
1.662306542953206900e-01
1.699089660653566036e-01
1.735872778353925172e-01
1.772655896054284308e-01
1.809439013754643444e-01
1.846222131455002580e-01
1.883005249155358940e-01
1.919788366855718076e-01
1.956571484556077212e-01
1.993354602256436348e-01
2.030137719956795483e-01
2.066920837657154619e-01
2.103703955357510980e-01
2.140487073057870115e-01
2.177270190758229251e-01
2.214053308458588387e-01
2.250836426158947523e-01
2.287619543859306659e-01
2.324402661559663019e-01
2.361185779260022155e-01
2.397968896960381291e-01
2.434752014660740427e-01
2.471535132361099563e-01
2.508318250061458698e-01
2.545101367761817834e-01
2.581884485462174195e-01
2.618667603162533331e-01
2.655450720862892466e-01
2.692233838563251602e-01
2.729016956263610738e-01
2.765800073963969874e-01
2.802583191664326234e-01
2.839366309364685370e-01
2.876149427065044506e-01
2.912932544765403642e-01
2.949715662465762778e-01
2.986498780166121914e-01
3.023281897866481049e-01
3.060065015566837410e-01
3.096848133267196546e-01
3.133631250967555681e-01
3.170414368667914817e-01
3.207197486368273953e-01
3.243980604068633089e-01
3.280763721768989449e-01
3.317546839469348585e-01
3.354329957169707721e-01
3.391113074870066857e-01
3.427896192570425993e-01
3.464679310270785129e-01
3.501462427971144264e-01
3.538245545671500625e-01
3.575028663371859761e-01
3.611811781072218897e-01
3.648594898772578032e-01
3.685378016472937168e-01
3.722161134173296304e-01
3.758944251873652664e-01
3.795727369574011800e-01
3.832510487274370936e-01
3.869293604974730072e-01
3.906076722675089208e-01
3.942859840375448344e-01
3.979642958075804704e-01
4.016426075776163840e-01
4.053209193476522976e-01
4.089992311176882112e-01
4.126775428877241247e-01
4.163558546577600383e-01
4.200341664277959519e-01
4.237124781978315879e-01
4.273907899678675015e-01
4.310691017379034151e-01
4.347474135079393287e-01
4.384257252779752423e-01
4.421040370480111559e-01
4.457823488180467919e-01
4.494606605880827055e-01
4.531389723581186191e-01
4.568172841281545327e-01
4.604955958981904462e-01
4.641739076682263598e-01
4.678522194382619959e-01
4.715305312082979095e-01
4.752088429783338230e-01
4.788871547483697366e-01
4.825654665184056502e-01
4.862437782884415638e-01
4.899220900584774774e-01
4.936004018285131134e-01
4.972787135985490270e-01
5.009570253685848851e-01
5.046353371386208542e-01
5.083136489086568233e-01
5.119919606786926813e-01
5.156702724487283174e-01
5.193485842187641754e-01
5.230268959888001445e-01
5.267052077588361136e-01
5.303835195288719717e-01
5.340618312989078298e-01
5.377401430689437989e-01
5.414184548389794349e-01
5.450967666090154040e-01
5.487750783790512621e-01
5.524533901490871202e-01
5.561317019191230893e-01
5.598100136891590584e-01
5.634883254591946944e-01
5.671666372292305525e-01
5.708449489992664105e-01
5.745232607693023796e-01
5.782015725393383487e-01
5.818798843093742068e-01
5.855581960794100649e-01
5.892365078494457009e-01
5.929148196194816700e-01
5.965931313895176391e-01
6.002714431595534972e-01
6.039497549295893553e-01
6.076280666996253244e-01
6.113063784696609604e-01
6.149846902396969295e-01
6.186630020097327876e-01
6.223413137797686456e-01
6.260196255498046147e-01
6.296979373198405838e-01
6.333762490898762199e-01
6.370545608599120779e-01
6.407328726299479360e-01
6.444111843999839051e-01
6.480894961700198742e-01
6.517678079400557323e-01
6.554461197100915903e-01
6.591244314801272264e-01
6.628027432501631955e-01
6.664810550201991646e-01
6.701593667902350226e-01
6.738376785602708807e-01
6.775159903303068498e-01
6.811943021003424859e-01
6.848726138703784549e-01
6.885509256404143130e-01
6.922292374104501711e-01
6.959075491804861402e-01
6.995858609505221093e-01
7.032641727205577453e-01
7.069424844905936034e-01
7.106207962606294615e-01
7.142991080306654306e-01
7.179774198007013997e-01
7.216557315707372577e-01
7.253340433407731158e-01
7.290123551108087518e-01
7.326906668808447209e-01
7.363689786508806900e-01
7.400472904209165481e-01
7.437256021909524062e-01
7.474039139609883753e-01
7.510822257310240113e-01
7.547605375010599804e-01
7.584388492710958385e-01
7.621171610411316966e-01
7.657954728111676657e-01
7.694737845812036348e-01
7.731520963512394928e-01
7.768304081212751289e-01
7.805087198913109869e-01
7.841870316613469560e-01
7.878653434313829251e-01
7.915436552014187832e-01
7.952219669714546413e-01
7.989002787414902773e-01
8.025785905115262464e-01
8.062569022815622155e-01
8.099352140515980736e-01
8.136135258216339317e-01
8.172918375916699008e-01
8.209701493617058699e-01
8.246484611317415059e-01
8.283267729017773640e-01
8.320050846718132220e-01
8.356833964418491911e-01
8.393617082118851602e-01
8.430400199819210183e-01
8.467183317519566543e-01
8.503966435219925124e-01
8.540749552920284815e-01
8.577532670620644506e-01
8.614315788321003087e-01
8.651098906021361667e-01
8.687882023721718028e-01
8.724665141422077719e-01
8.761448259122437410e-01
8.798231376822795990e-01
8.835014494523154571e-01
8.871797612223514262e-01
8.908580729923873953e-01
8.945363847624230313e-01
8.982146965324588894e-01
9.018930083024947475e-01
9.055713200725307166e-01
9.092496318425666857e-01
9.129279436126025438e-01
9.166062553826381798e-01
9.202845671526740379e-01
9.239628789227100070e-01
9.276411906927459761e-01
9.313195024627818341e-01
9.349978142328176922e-01
9.386761260028533282e-01
9.423544377728892973e-01
9.460327495429252664e-01
9.497110613129611245e-01
9.533893730829969826e-01
9.570676848530329517e-01
9.607459966230689208e-01
9.644243083931045568e-01
9.681026201631404149e-01
9.717809319331762730e-01
9.754592437032122421e-01
9.791375554732482112e-01
9.828158672432840692e-01
9.864941790133197053e-01
9.901724907833555633e-01
9.938508025533915324e-01
9.975291143234275015e-01
1.001207426093463360e+00
1.004885737863499218e+00
1.008564049633535298e+00
1.012242361403570712e+00
1.015920673173606792e+00
1.019598984943642650e+00
1.023277296713678508e+00
1.026955608483714588e+00
1.030633920253750446e+00
1.034312232023786082e+00
1.037990543793821940e+00
1.041668855563857798e+00
1.045347167333893879e+00
1.049025479103929737e+00
1.052703790873965595e+00
1.056382102644001453e+00
1.060060414414037089e+00
1.063738726184073169e+00
1.067417037954109027e+00
1.071095349724144885e+00
1.074773661494180743e+00
1.078451973264216601e+00
1.082130285034252459e+00
1.085808596804288317e+00
1.089486908574324175e+00
1.093165220344360034e+00
1.096843532114395892e+00
1.100521843884431972e+00
1.104200155654467608e+00
1.107878467424503466e+00
1.111556779194539324e+00
1.115235090964575182e+00
1.118913402734611262e+00
1.122591714504647120e+00
1.126270026274682978e+00
1.129948338044718614e+00
1.133626649814754472e+00
1.137304961584790552e+00
1.140983273354826411e+00
1.144661585124862269e+00
1.148339896894897905e+00
1.152018208664934207e+00
1.155696520434969843e+00
1.159374832205005923e+00
1.163053143975041559e+00
1.166731455745077195e+00
1.170409767515113497e+00
1.174088079285149133e+00
1.177766391055185213e+00
1.181444702825220849e+00
1.185123014595257152e+00
1.188801326365292788e+00
1.192479638135328424e+00
1.196157949905364504e+00
1.199836261675400140e+00
1.203514573445436442e+00
1.207192885215472078e+00
1.210871196985507714e+00
1.214549508755543794e+00
1.218227820525579430e+00
1.221906132295615732e+00
1.225584444065651368e+00
1.229262755835687448e+00
1.232941067605723084e+00
1.236619379375758720e+00
1.240297691145795023e+00
1.243976002915830659e+00
1.247654314685866739e+00
1.251332626455902375e+00
1.255010938225938677e+00
1.258689249995974313e+00
1.262367561766009949e+00
1.266045873536046029e+00
1.269724185306081665e+00
1.273402497076117967e+00
1.277080808846153603e+00
1.280759120616189239e+00
1.284437432386225320e+00
1.288115744156260956e+00
1.291794055926297258e+00
1.295472367696332894e+00
1.299150679466368974e+00
1.302828991236404610e+00
1.306507303006440246e+00
1.310185614776476548e+00
1.313863926546512184e+00
1.317542238316548264e+00
1.321220550086583900e+00
1.324898861856620202e+00
1.328577173626655838e+00
1.332255485396691475e+00
1.335933797166727555e+00
1.339612108936763191e+00
1.343290420706799493e+00
1.346968732476835129e+00
1.350647044246870765e+00
1.354325356016906845e+00
1.358003667786942481e+00
1.361681979556978783e+00
1.365360291327014419e+00
1.369038603097050499e+00
1.372716914867086135e+00
1.376395226637121771e+00
1.380073538407158074e+00
1.383751850177193710e+00
1.387430161947229790e+00
1.391108473717265426e+00
1.394786785487301728e+00
1.398465097257337364e+00
1.402143409027373000e+00
1.405821720797409080e+00
1.409500032567444716e+00
1.413178344337481018e+00
1.416856656107516654e+00
1.420534967877552734e+00
1.424213279647588370e+00
1.427891591417624007e+00
1.431569903187660309e+00
1.435248214957695945e+00
1.438926526727732025e+00
1.442604838497767661e+00
1.446283150267803297e+00
1.449961462037839599e+00
1.453639773807875235e+00
1.457318085577911315e+00
1.460996397347946951e+00
1.464674709117983253e+00
1.468353020888018889e+00
1.472031332658054525e+00
1.475709644428090606e+00
1.479387956198126242e+00
1.483066267968162544e+00
1.486744579738198180e+00
1.490422891508234260e+00
1.494101203278269896e+00
1.497779515048305532e+00
1.501457826818341834e+00
1.505136138588377470e+00
1.508814450358413550e+00
1.512492762128449186e+00
1.516171073898484822e+00
1.519849385668521125e+00
1.523527697438556761e+00
1.527206009208592841e+00
1.530884320978628477e+00
1.534562632748664779e+00
1.538240944518700415e+00
1.541919256288736051e+00
1.545597568058772131e+00
1.549275879828807767e+00
1.552954191598844069e+00
1.556632503368879705e+00
1.560310815138915785e+00
1.563989126908951421e+00
1.567667438678987057e+00
1.571345750449023360e+00
1.575024062219058996e+00
1.578702373989095076e+00
1.582380685759130712e+00
1.586058997529167014e+00
1.589737309299202650e+00
1.593415621069238286e+00
1.597093932839274366e+00
1.600772244609310002e+00
1.604450556379346304e+00
1.608128868149381940e+00
1.611807179919417576e+00
1.615485491689453657e+00
1.619163803459489293e+00
1.622842115229525595e+00
1.626520426999561231e+00
1.630198738769597311e+00
1.633877050539632947e+00
1.637555362309668583e+00
1.641233674079704885e+00
1.644911985849740521e+00
1.648590297619776601e+00
1.652268609389812237e+00
1.655946921159848539e+00
1.659625232929884175e+00
1.663303544699919811e+00
1.666981856469955892e+00
1.670660168239991528e+00
1.674338480010027830e+00
1.678016791780063466e+00
1.681695103550099102e+00
1.685373415320135182e+00
1.689051727090170818e+00
1.692730038860207120e+00
1.696408350630242756e+00
1.700086662400278836e+00
1.703764974170314472e+00
1.707443285940350108e+00
1.711121597710386411e+00
1.714799909480422047e+00
1.718478221250458127e+00
1.722156533020493763e+00
1.725834844790530065e+00
1.729513156560565701e+00
1.733191468330601337e+00
1.736869780100637417e+00
1.740548091870673053e+00
1.744226403640709355e+00
1.747904715410744991e+00
1.751583027180780627e+00
1.755261338950816707e+00
1.758939650720852343e+00
1.762617962490888646e+00
1.766296274260924282e+00
1.769974586030960362e+00
1.773652897800995998e+00
1.777331209571031634e+00
1.781009521341067936e+00
1.784687833111103572e+00
1.788366144881139652e+00
1.792044456651175288e+00
1.795722768421211590e+00
1.799401080191247226e+00
1.803079391961282862e+00
1.806757703731318943e+00
1.810436015501354579e+00
1.814114327271390881e+00
1.817792639041426517e+00
1.821470950811462153e+00
1.825149262581498233e+00
1.828827574351533869e+00
1.832505886121570171e+00
1.836184197891605807e+00
1.839862509661641887e+00
1.843540821431677523e+00
1.847219133201713159e+00
1.850897444971749461e+00
1.854575756741785098e+00
1.858254068511821178e+00
1.861932380281856814e+00
1.865610692051893116e+00
1.869289003821928752e+00
1.872967315591964388e+00
1.876645627362000468e+00
1.880323939132036104e+00
1.884002250902072406e+00
1.887680562672108042e+00
1.891358874442144122e+00
1.895037186212179758e+00
1.898715497982215394e+00
1.902393809752251697e+00
1.906072121522287333e+00
1.909750433292323413e+00
1.913428745062359049e+00
1.917107056832394685e+00
1.920785368602430987e+00
1.924463680372466623e+00
1.928141992142502703e+00
1.931820303912538339e+00
1.935498615682574641e+00
1.939176927452610277e+00
1.942855239222645913e+00
1.946533550992681993e+00
1.950211862762717629e+00
1.953890174532753932e+00
1.957568486302789568e+00
1.961246798072825648e+00
1.964925109842861284e+00
1.968603421612896920e+00
1.972281733382933222e+00
1.975960045152968858e+00
1.979638356923004938e+00
1.983316668693040574e+00
1.986994980463076210e+00
1.990673292233112512e+00
1.994351604003148148e+00
1.998029915773184229e+00
2.001708227543220087e+00
2.005386539313255945e+00
2.009064851083291803e+00
2.012743162853327217e+00
2.016421474623363519e+00
2.020099786393399377e+00
2.023778098163435235e+00
2.027456409933471093e+00
2.031134721703507395e+00
2.034813033473542809e+00
2.038491345243578667e+00
2.042169657013614525e+00
2.045847968783650384e+00
2.049526280553686686e+00
2.053204592323722100e+00
2.056882904093758402e+00
2.060561215863793816e+00
2.064239527633829674e+00
2.067917839403865976e+00
2.071596151173901390e+00
2.075274462943937692e+00
2.078952774713973106e+00
2.082631086484008964e+00
2.086309398254045266e+00
2.089987710024080680e+00
2.093666021794116983e+00
2.097344333564152397e+00
2.101022645334188699e+00
2.104700957104224557e+00
2.108379268874259971e+00
2.112057580644296273e+00
2.115735892414331687e+00
2.119414204184367989e+00
2.123092515954403847e+00
2.126770827724439705e+00
2.130449139494475563e+00
2.134127451264510977e+00
2.137805763034547279e+00
2.141484074804583138e+00
2.145162386574618996e+00
2.148840698344654854e+00
2.152519010114690268e+00
2.156197321884726570e+00
2.159875633654762428e+00
2.163553945424798286e+00
2.167232257194834144e+00
2.170910568964870446e+00
2.174588880734905860e+00
2.178267192504941718e+00
2.181945504274977576e+00
2.185623816045013434e+00
2.189302127815049737e+00
2.192980439585085151e+00
2.196658751355121453e+00
2.200337063125156867e+00
2.204015374895192725e+00
2.207693686665229027e+00
2.211371998435264441e+00
2.215050310205300743e+00
2.218728621975336157e+00
2.222406933745372015e+00
2.226085245515408317e+00
2.229763557285443731e+00
2.233441869055480034e+00
2.237120180825515448e+00
2.240798492595551750e+00
2.244476804365587608e+00
2.248155116135623022e+00
